[gd_scene format=3 uid="uid://tiba01jhfopg"]

[node name="AbyssCastleBlockout" type="Node3D"]

[node name="Lighting" type="Node3D" parent="."]

[node name="EnvironmentMesh" type="Node3D" parent="."]

[node name="BlockoutMeshes" type="Node3D" parent="."]

[node name="CSGBox3D" type="CSGBox3D" parent="BlockoutMeshes"]
transform = Transform3D(1, 0, 0, 0, 1, 0, 0, 0, 1, 0, 1.5, 0)
size = Vector3(1, 2, 1)

[node name="CSGBox3D" type="CSGBox3D" parent="BlockoutMeshes/CSGBox3D"]
transform = Transform3D(1, 0, 0, 0, 1, 0, 0, 0, 1, 0, -1.5, -5.3654785)
size = Vector3(4.9072266, 1, 11.730957)

[node name="CSGBox3D2" type="CSGBox3D" parent="BlockoutMeshes"]
transform = Transform3D(1, 0, 0, 0, 0.9659258, -0.25881904, 0, 0.25881904, 0.9659258, 0, 4.452914, -27.295555)
size = Vector3(5, 1, 34)

[node name="CSGBox3D3" type="CSGBox3D" parent="BlockoutMeshes"]
transform = Transform3D(1, 0, 0, 0, 1, 0, 0, 0, 1, 90, 1, -19.05201)
size = Vector3(43, 16, 12)

[node name="CSGBox3D10" type="CSGBox3D" parent="BlockoutMeshes"]
transform = Transform3D(-4.371139e-08, 0, 1, 0, 1, 0, -1, 0, -4.371139e-08, 106, 1, 0.9479904)
size = Vector3(43, 16, 12)

[node name="CSGBox3D5" type="CSGBox3D" parent="BlockoutMeshes"]
transform = Transform3D(1, 0, 0, 0, 1, 0, 0, 0, 1, 74, -6.5, 0.9479904)
size = Vector3(74.865234, 1, 58)

[node name="CSGBox3D4" type="CSGBox3D" parent="BlockoutMeshes"]
transform = Transform3D(1, 0, 0, 0, 1, 0, 0, 0, 1, 90, 1, 22.94799)
size = Vector3(43, 16, 12)

[node name="CSGBox3D7" type="CSGBox3D" parent="BlockoutMeshes"]
transform = Transform3D(1, 0, 0, 0, 1, 0, 0, 0, 1, 74, 5, 30.44799)
size = Vector3(76, 24, 3)

[node name="CSGBox3D8" type="CSGBox3D" parent="BlockoutMeshes"]
transform = Transform3D(-4.371139e-08, 0, -1, 0, 1, 0, 1, 0, -4.371139e-08, 113, 5, -2.5520096)
size = Vector3(68, 24, 3)

[node name="CSGBox3D9" type="CSGBox3D" parent="BlockoutMeshes"]
transform = Transform3D(-4.371139e-08, 0, -1, 0, 1, 0, 1, 0, -4.371139e-08, 35, 5, -2.5520096)
size = Vector3(68, 24, 3)

[node name="CSGBox3D6" type="CSGBox3D" parent="BlockoutMeshes"]
transform = Transform3D(0.8660254, -0.5, 0, 0.5, 0.8660254, 0, 0, 0, 1, 55.27073, 0.8039961, 26.00263)
size = Vector3(31.216309, 1, 3.3017578)

[node name="CSGBox3D" type="CSGBox3D" parent="."]
transform = Transform3D(1, 0, 0, 0, 1, 0, 0, 0, 1, 4.5, 8.799999, -51.6)
size = Vector3(14, 1, 16)

[node name="CSGBox3D4" type="CSGBox3D" parent="."]
transform = Transform3D(1, 0, 0, 0, 1, 0, 0, 0, 1, 30.5, 8.799999, -53.1)
size = Vector3(38, 1, 5)

[node name="CSGBox3D5" type="CSGBox3D" parent="."]
transform = Transform3D(0.70710677, 0, -0.70710677, 0, 1, 0, 0.70710677, 0, 0.70710677, 61.193478, 8.799999, -40.3)
size = Vector3(38, 1, 5)

[node name="CSGBox3D6" type="CSGBox3D" parent="."]
transform = Transform3D(0, 0, -0.99999994, 0, 1, 0, 0.99999994, 0, 0, 73.89348, 8.799999, -5.699999)
size = Vector3(46, 1, 5)

[node name="CSGBox3D2" type="CSGBox3D" parent="."]
transform = Transform3D(1, 0, 0, 0, 1, 0, 0, 0, 1, 6.0477667, 9.827246, -69.10017)
size = Vector3(14, 1, 7)

[node name="CSGBox3D3" type="CSGBox3D" parent="."]
transform = Transform3D(1, 0, 0, 0, 0.98324543, -0.18228702, 0, 0.18228702, 0.98324543, 0.37222958, 9.227245, -62.100166)
size = Vector3(2.6489258, 1, 7)
